,Month,Prediction,Actual,Crashes Avoided
0,2021_01,31,20,11
500,2021_02,25,18,7
498,2021_03,35,32,3
2421,2021_04,42,20,22
3405,2021_05,37,27,10
1467,2021_06,28,20,8
1463,2021_07,35,28,7
5617,2021_08,36,22,14
7288,2021_09,41,36,5
7284,2021_10,39,32,7
7446,2021_11,42,34,8
8664,2021_12,45,35,10
