,Month,Prediction,Actual,Crashes Avoided
0,2021_01,21,20,1
1,2021_01,12,20,-8
394,2021_02,13,18,-5
388,2021_03,17,38,-21
389,2021_03,15,38,-23
924,2021_04,18,18,0
1972,2021_05,14,24,-10
1973,2021_05,17,24,-7
2448,2021_06,13,14,-1
3009,2021_07,18,24,-6
3008,2021_07,9,24,-15
3010,2021_08,20,26,-6
3282,2021_09,21,36,-15
3590,2021_09,15,36,-21
4740,2021_10,26,26,0
4746,2021_10,20,26,-6
5030,2021_11,25,28,-3
5264,2021_11,18,28,-10
5788,2021_12,13,38,-25
5789,2021_12,18,38,-20
