,Month,Prediction,Actual,Crashes_Avoided
0,2021_01,15,16,-1
394,2021_02,15,16,-1
388,2021_03,14,14,0
924,2021_04,13,22,-9
1972,2021_05,16,28,-12
2448,2021_06,14,44,-30
3008,2021_07,18,22,-4
3010,2021_08,13,38,-25
3282,2021_09,17,26,-9
3716,2021_09,13,26,-13
4740,2021_10,15,26,-11
4978,2021_10,17,26,-9
5030,2021_11,18,26,-8
5788,2021_12,16,20,-4
