,Month,Prediction,Actual,Crashes_Avoided
0,2021_01,51,39,12
500,2021_02,36,35,1
498,2021_03,32,33,-1
2421,2021_04,50,45,5
3405,2021_05,48,48,0
1467,2021_06,40,48,-8
1463,2021_07,53,45,8
5617,2021_08,44,43,1
7288,2021_09,56,47,9
7284,2021_10,40,42,-2
7446,2021_11,40,45,-5
8664,2021_12,45,38,7
